              precision    recall  f1-score   support

           A       1.00      1.00      1.00        26
           B       1.00      1.00      1.00        56
   BACKSPACE       0.94      0.92      0.93        85
           C       1.00      1.00      1.00        31
           D       0.83      1.00      0.91        35
           E       1.00      1.00      1.00        16
           F       1.00      1.00      1.00        26
           G       0.88      1.00      0.94        22
           H       1.00      1.00      1.00        10
           I       1.00      1.00      1.00        35
           J       1.00      0.40      0.57       129
           K       1.00      1.00      1.00        18
           L       1.00      1.00      1.00        37
           M       1.00      1.00      1.00        26
           N       1.00      1.00      1.00        32
     NEUTRAL       1.00      1.00      1.00        55
           O       1.00      1.00      1.00        38
           P       0.26      1.00      0.41        21
           Q       0.89      1.00      0.94        48
           R       1.00      1.00      1.00        35
           S       1.00      1.00      1.00        28
       SPACE       0.92      1.00      0.96       107
           T       1.00      1.00      1.00        49
           U       1.00      1.00      1.00        69
           V       1.00      1.00      1.00        42
           W       1.00      1.00      1.00        49
           X       1.00      1.00      1.00        20
           Y       1.00      1.00      1.00        35
           Z       0.95      0.92      0.94       154

    accuracy                           0.93      1334
   macro avg       0.95      0.97      0.95      1334
weighted avg       0.96      0.93      0.93      1334
