              precision    recall  f1-score   support

           A       1.00      1.00      1.00        49
           B       1.00      0.97      0.99        80
   BACKSPACE       1.00      1.00      1.00       109
           C       0.98      1.00      0.99        54
           D       0.98      1.00      0.99        59
           E       1.00      0.97      0.99        40
           F       1.00      1.00      1.00        49
           G       1.00      0.98      0.99        45
           H       1.00      0.97      0.99        34
           I       0.98      1.00      0.99        59
           J       0.99      1.00      1.00       152
           K       0.95      1.00      0.97        36
           L       1.00      1.00      1.00        60
           M       0.98      0.98      0.98        49
           N       1.00      1.00      1.00        56
     NEUTRAL       0.99      0.99      0.99        79
           O       0.98      1.00      0.99        62
           P       1.00      0.95      0.98        44
           Q       1.00      1.00      1.00        71
           R       1.00      1.00      1.00        59
           S       1.00      0.98      0.99        51
       SPACE       1.00      0.99      1.00       130
           T       0.99      1.00      0.99        73
           U       1.00      1.00      1.00        93
           V       1.00      0.98      0.99        65
           W       1.00      1.00      1.00        72
           X       0.96      1.00      0.98        44
           Y       0.98      1.00      0.99        59
           Z       1.00      0.99      1.00       178

    accuracy                           0.99      2011
   macro avg       0.99      0.99      0.99      2011
weighted avg       0.99      0.99      0.99      2011
